967.0,343.0,1078.0,441.0,235,235,0
5
-138.0,253.0,697.0,711.0,50.0,50.0,50.0
-133.0,-48.0,790.0,423.0,50.0,50.0,50.0
491.0,-48.0,1252.0,499.0,50.0,50.0,50.0
673.0,482.0,1196.0,773.0,50.0,50.0,50.0
391.0,166.0,556.0,273.0,50.0,50.0,50.0
1700,52.0,354.0
0
21
100.0,-15.0,331.0,308.0,255.0,145.0,3.0,false
105.0,395.0,271.0,698.0,255.0,145.0,3.0,false
313.0,-2.0,401.0,350.0,255.0,145.0,3.0,false
345.0,326.0,400.0,523.0,255.0,145.0,3.0,false
350.0,593.0,397.0,699.0,255.0,145.0,3.0,false
394.0,590.0,469.0,699.0,255.0,145.0,3.0,false
350.0,590.0,461.0,694.0,255.0,145.0,3.0,false
450.0,332.0,469.0,591.0,255.0,145.0,3.0,false
396.0,1.0,530.0,275.0,255.0,145.0,3.0,false
583.0,-14.0,700.0,269.0,255.0,145.0,3.0,false
469.0,333.0,647.0,492.0,255.0,145.0,3.0,false
697.0,247.0,784.0,545.0,255.0,145.0,3.0,false
743.0,25.0,908.0,252.0,255.0,145.0,3.0,false
851.0,316.0,970.0,479.0,255.0,145.0,3.0,false
960.0,0.0,1097.0,234.0,255.0,145.0,3.0,false
1003.0,218.0,1097.0,301.0,255.0,145.0,3.0,false
1072.0,279.0,1099.0,531.0,255.0,145.0,3.0,false
880.0,536.0,1096.0,699.0,255.0,145.0,3.0,false
979.0,525.0,1099.0,558.0,255.0,145.0,3.0,false
1065.0,551.0,1099.0,699.0,255.0,145.0,3.0,false
538.0,590.0,833.0,699.0,255.0,145.0,3.0,false
0
7
0
0
0
0
0
0
0
