955.0,0.0,1099.0,108.0,235,235,0
5
434.0,260.0,1297.0,717.0,50.0,50.0,50.0
-160.0,379.0,790.0,838.0,50.0,50.0,50.0
411.0,-61.0,1288.0,448.0,50.0,50.0,50.0
-160.0,-61.0,649.0,492.0,50.0,50.0,50.0
-70.0,-61.0,134.0,81.0,50.0,50.0,50.0
7000,1034.0,645.0
15
44.0,636.0,false,false,true,100,0.5,40,4,4.0,true
44.0,592.0,false,false,true,100,0.5,40,4,4.0,true
1083.0,526.0,false,false,true,100,0.5,15,2,2.0,true
20.5,22.0,true,false,true,100,0.5,40,3,0.5,false
362.0,196.0,false,false,true,100,0.5,40,0,0.0,true
527.0,200.0,false,false,true,100,0.5,40,0,0.0,true
682.0,202.0,false,false,true,100,0.5,40,0,0.0,true
1082.0,464.0,false,false,true,100,0.5,40,2,0.0,true
1081.0,401.0,false,false,true,100,0.5,40,2,0.0,true
1080.0,341.0,false,false,true,100,0.5,40,2,0.0,true
214.0,200.0,true,false,true,100,0.5,40,1,13.0,true
473.5,197.0,true,false,true,90,0.5,40,1,77.5,true
641.0,197.0,true,false,true,90,0.5,40,1,80.0,true
804.5,200.0,true,false,true,90,0.5,40,1,75.5,true
454.0,15.0,false,false,true,90,0.5,40,0,0.0,true
41
951.0,553.0,1099.0,560.0,253.0,85.0,3.0,false
777.0,551.0,931.0,560.0,253.0,85.0,3.0,false
610.0,551.0,760.0,560.0,253.0,85.0,3.0,false
424.0,551.0,591.0,560.0,253.0,85.0,3.0,false
252.0,550.0,406.0,560.0,253.0,85.0,3.0,false
-8.0,669.0,1097.0,699.0,253.0,85.0,3.0,false
717.0,669.0,1099.0,699.0,253.0,85.0,3.0,false
935.0,108.0,1099.0,120.0,253.0,85.0,3.0,false
-25.0,547.0,153.0,559.0,253.0,85.0,3.0,false
119.0,94.0,149.0,452.0,253.0,85.0,3.0,false
342.0,185.0,347.0,219.0,253.0,85.0,3.0,false
378.0,184.0,382.0,219.0,253.0,85.0,3.0,false
378.0,212.0,509.0,221.0,253.0,85.0,3.0,false
507.0,188.0,512.0,221.0,253.0,85.0,3.0,false
542.0,188.0,547.0,222.0,253.0,85.0,3.0,false
542.0,212.0,669.0,222.0,253.0,85.0,3.0,false
662.0,190.0,669.0,222.0,253.0,85.0,3.0,false
698.0,191.0,706.0,221.0,253.0,85.0,3.0,false
411.0,-17.0,424.0,56.0,253.0,85.0,3.0,false
416.0,38.0,479.0,56.0,253.0,85.0,3.0,false
933.0,107.0,1099.0,128.0,250.0,3.0,42.0,false
1067.0,121.0,1099.0,316.0,250.0,3.0,42.0,false
147.0,185.0,174.0,326.0,253.0,85.0,3.0,false
-15.0,559.0,24.0,669.0,250.0,3.0,42.0,false
407.0,-10.0,428.0,59.0,250.0,3.0,42.0,false
408.0,37.0,479.0,60.0,250.0,3.0,42.0,false
148.0,184.0,175.0,327.0,250.0,3.0,42.0,false
955.0,120.0,1073.0,147.0,250.0,3.0,42.0,false
1044.0,140.0,1075.0,296.0,250.0,3.0,42.0,false
1016.0,134.0,1054.0,258.0,250.0,3.0,42.0,false
995.0,137.0,1024.0,227.0,250.0,3.0,42.0,false
973.0,134.0,1000.0,190.0,250.0,3.0,42.0,false
378.0,184.0,387.0,220.0,253.0,85.0,3.0,false
501.0,187.0,511.0,220.0,253.0,85.0,3.0,false
542.0,188.0,552.0,220.0,253.0,85.0,3.0,false
658.0,189.0,665.0,220.0,253.0,85.0,3.0,false
701.0,191.0,708.0,220.0,253.0,85.0,3.0,false
338.0,185.0,347.0,218.0,253.0,85.0,3.0,false
338.0,185.0,348.0,219.0,253.0,85.0,3.0,false
659.0,189.0,668.0,221.0,253.0,85.0,3.0,false
656.0,189.0,662.0,216.0,253.0,85.0,3.0,false
4
841.0,625.0,887.0,762.0,true,true,false,100,1.0,250.0,3.0,42.0,62,false
665.0,585.0,703.0,722.0,true,true,false,100,1.0,250.0,3.0,42.0,23,false
493.0,598.0,539.0,736.0,true,true,false,100,1.0,250.0,3.0,42.0,36,false
312.0,589.0,354.0,726.0,true,true,false,100,1.0,250.0,3.0,42.0,27,false
7
8
8
8
8
8
8
0
