86.0,300.0,211.0,400.0,235,235,0
7
-175.0,202.0,722.0,794.0,50.0,50.0,50.0
-175.0,-52.0,591.0,473.0,50.0,50.0,50.0
428.0,-52.0,1368.0,356.0,50.0,50.0,50.0
640.0,222.0,1251.0,289.0,50.0,50.0,50.0
665.0,181.0,1186.0,316.0,50.0,50.0,50.0
642.0,267.0,1125.0,708.0,50.0,50.0,50.0
1063.0,192.0,1186.0,647.0,50.0,50.0,50.0
2500,1039.0,342.0
5
172.0,182.0,false,false,true,50,0.5,100,0,0.0,true
164.0,542.0,false,false,true,50,0.5,100,0,0.0,true
910.0,667.0,false,false,true,50,0.5,70,1,0.0,true
727.0,667.0,false,false,true,50,0.5,165,1,0.0,true
479.0,37.0,false,false,true,50,0.5,175,3,0.0,true
70
72.0,293.0,221.0,310.0,253.0,85.0,3.0,false
70.0,291.0,88.0,417.0,253.0,85.0,3.0,false
70.0,288.0,223.0,317.0,253.0,85.0,3.0,false
70.0,399.0,223.0,430.0,253.0,85.0,3.0,false
396.0,18.0,462.0,173.0,255.0,100.0,3.0,false
510.0,11.0,693.0,181.0,255.0,100.0,3.0,false
797.0,69.0,849.0,653.0,255.0,100.0,3.0,false
764.0,629.0,880.0,699.0,255.0,100.0,3.0,false
396.0,-10.0,693.0,19.0,255.0,100.0,3.0,false
559.0,430.0,707.0,699.0,255.0,100.0,3.0,false
510.0,176.0,693.0,342.0,255.0,100.0,3.0,false
395.0,277.0,436.0,699.0,255.0,100.0,3.0,false
-11.0,-25.0,413.0,64.0,255.0,100.0,3.0,false
963.0,2.0,1099.0,278.0,255.0,100.0,3.0,false
969.0,419.0,1099.0,699.0,255.0,100.0,3.0,false
0.0,638.0,397.0,699.0,255.0,100.0,3.0,false
-22.0,23.0,78.0,642.0,255.0,100.0,3.0,false
569.0,440.0,697.0,699.0,255.0,27.0,3.0,false
971.0,2.0,1099.0,272.0,255.0,27.0,3.0,false
980.0,431.0,1099.0,699.0,255.0,27.0,3.0,false
523.0,-5.0,678.0,329.0,255.0,27.0,3.0,false
805.0,78.0,841.0,699.0,255.0,27.0,3.0,false
772.0,637.0,870.0,699.0,255.0,27.0,3.0,false
-76.0,-16.0,567.0,12.0,255.0,27.0,3.0,false
405.0,-7.0,454.0,163.0,255.0,27.0,3.0,false
-67.0,-28.0,411.0,53.0,255.0,27.0,3.0,false
-3.0,49.0,66.0,699.0,255.0,27.0,3.0,false
57.0,646.0,426.0,699.0,255.0,27.0,3.0,false
405.0,287.0,426.0,647.0,255.0,27.0,3.0,false
54.0,284.0,229.0,323.0,255.0,27.0,3.0,false
55.0,395.0,229.0,431.0,255.0,27.0,3.0,false
40.0,296.0,90.0,407.0,255.0,27.0,3.0,false
747.0,200.0,887.0,299.0,255.0,100.0,3.0,false
760.0,208.0,875.0,290.0,255.0,27.0,3.0,false
806.0,181.0,838.0,339.0,255.0,27.0,3.0,false
806.0,169.0,841.0,362.0,255.0,27.0,3.0,false
805.0,148.0,832.0,335.0,255.0,27.0,3.0,false
394.0,238.0,461.0,699.0,255.0,100.0,3.0,false
505.0,16.0,517.0,342.0,255.0,100.0,3.0,false
679.0,-4.0,704.0,341.0,255.0,100.0,3.0,false
682.0,0.0,706.0,342.0,255.0,100.0,3.0,false
932.0,-9.0,964.0,277.0,255.0,100.0,3.0,false
937.0,1.0,1099.0,22.0,255.0,100.0,3.0,false
960.0,-15.0,1099.0,9.0,255.0,100.0,3.0,false
931.0,1.0,977.0,278.0,255.0,100.0,3.0,false
943.0,-5.0,996.0,272.0,255.0,27.0,3.0,false
962.0,-17.0,1099.0,37.0,255.0,27.0,3.0,false
661.0,66.0,663.0,327.0,255.0,27.0,3.0,false
634.0,-3.0,692.0,328.0,255.0,27.0,3.0,false
587.0,284.0,692.0,329.0,255.0,27.0,3.0,false
517.0,6.0,547.0,328.0,255.0,27.0,3.0,false
518.0,304.0,574.0,329.0,255.0,27.0,3.0,false
379.0,646.0,450.0,699.0,255.0,27.0,3.0,false
403.0,643.0,438.0,673.0,255.0,27.0,3.0,false
403.0,252.0,450.0,652.0,255.0,27.0,3.0,false
73.0,271.0,229.0,284.0,255.0,100.0,3.0,false
77.0,430.0,229.0,442.0,255.0,100.0,3.0,false
67.0,430.0,198.0,435.0,255.0,100.0,3.0,false
217.0,271.0,230.0,323.0,255.0,100.0,3.0,false
219.0,319.0,226.0,322.0,255.0,100.0,3.0,false
85.0,316.0,226.0,323.0,255.0,100.0,3.0,false
85.0,316.0,93.0,403.0,255.0,100.0,3.0,false
90.0,395.0,226.0,402.0,255.0,100.0,3.0,false
217.0,396.0,229.0,440.0,255.0,100.0,3.0,false
86.0,400.0,220.0,404.0,255.0,100.0,3.0,false
877.0,201.0,892.0,299.0,255.0,100.0,3.0,false
884.0,206.0,891.0,298.0,255.0,100.0,3.0,false
882.0,200.0,891.0,206.0,255.0,100.0,3.0,false
500.0,19.0,510.0,341.0,255.0,100.0,3.0,false
500.0,340.0,531.0,342.0,255.0,100.0,3.0,false
0
7
0
0
0
0
0
0
0
