404.0,-4.0,506.0,92.0,235,235,0
5
-284.0,-67.0,561.0,292.0,50.0,50.0,50.0
-284.0,229.0,493.0,819.0,50.0,50.0,50.0
249.0,225.0,1315.0,777.0,50.0,50.0,50.0
307.0,-67.0,1315.0,356.0,50.0,50.0,50.0
-189.0,-67.0,92.0,56.0,50.0,50.0,50.0
7000,252.0,42.0
17
581.0,347.0,false,false,true,50,0.5,50,0,0.0,false
584.0,422.0,false,false,true,50,0.5,50,4,0.0,false
849.0,340.0,false,false,true,50,0.5,70,4,0.0,false
850.0,421.0,false,false,true,50,0.5,70,0,0.0,false
228.0,414.0,false,false,true,50,0.5,40,0,0.0,false
225.0,142.0,false,false,true,50,0.5,40,0,0.0,false
558.0,139.0,false,false,true,50,0.5,40,0,0.0,false
791.0,254.0,true,true,true,120,0.5,40,2,80.0,true
640.0,78.0,false,false,true,120,0.5,70,3,0.0,false
750.0,77.0,false,false,true,120,0.5,70,3,0.0,false
869.0,75.0,false,false,true,120,0.5,70,3,0.0,false
962.0,75.0,false,false,true,120,0.5,70,3,0.0,false
807.0,76.0,false,false,true,120,0.5,90,0,0.0,false
916.0,75.0,false,false,true,120,0.5,90,0,0.0,false
1019.0,75.0,false,false,true,120,0.5,90,0,0.0,false
694.0,77.0,false,false,true,120,0.5,50,3,0.0,false
347.0,48.0,false,false,false,120,0.5,50,0,0.0,false
77
291.0,-4.0,328.0,115.0,253.0,85.0,3.0,false
183.0,89.0,317.0,115.0,253.0,85.0,3.0,false
183.0,94.0,199.0,629.0,253.0,85.0,3.0,false
93.0,140.0,181.0,164.0,250.0,3.0,42.0,true
-3.0,279.0,137.0,302.0,250.0,3.0,42.0,true
36.0,356.0,183.0,383.0,250.0,3.0,42.0,true
-25.0,434.0,60.0,548.0,250.0,3.0,42.0,true
87.0,431.0,155.0,546.0,250.0,3.0,42.0,true
-11.0,607.0,55.0,630.0,253.0,85.0,3.0,false
108.0,335.0,131.0,356.0,250.0,3.0,42.0,true
48.0,302.0,67.0,318.0,250.0,3.0,42.0,true
122.0,586.0,183.0,599.0,250.0,3.0,42.0,true
94.0,188.0,115.0,241.0,250.0,3.0,42.0,true
52.0,223.0,94.0,241.0,250.0,3.0,42.0,true
186.0,27.0,206.0,88.0,250.0,3.0,42.0,true
94.0,45.0,126.0,139.0,250.0,3.0,42.0,true
-121.0,-28.0,61.0,42.0,250.0,3.0,42.0,true
-15.0,87.0,15.0,183.0,250.0,3.0,42.0,true
877.0,661.0,1024.0,699.0,253.0,85.0,3.0,false
593.0,661.0,755.0,699.0,253.0,85.0,3.0,false
323.0,662.0,488.0,699.0,253.0,85.0,3.0,false
195.0,508.0,391.0,519.0,253.0,85.0,3.0,false
371.0,467.0,391.0,518.0,253.0,85.0,3.0,false
371.0,449.0,469.0,468.0,253.0,85.0,3.0,false
456.0,449.0,477.0,519.0,253.0,85.0,3.0,false
467.0,499.0,643.0,521.0,253.0,85.0,3.0,false
624.0,443.0,645.0,521.0,253.0,85.0,3.0,false
624.0,443.0,724.0,468.0,253.0,85.0,3.0,false
706.0,443.0,727.0,519.0,253.0,85.0,3.0,false
714.0,502.0,886.0,519.0,253.0,85.0,3.0,false
863.0,454.0,886.0,511.0,253.0,85.0,3.0,false
864.0,452.0,957.0,466.0,253.0,85.0,3.0,false
942.0,460.0,957.0,519.0,253.0,85.0,3.0,false
951.0,502.0,1064.0,521.0,253.0,85.0,3.0,false
406.0,559.0,442.0,661.0,250.0,3.0,42.0,true
526.0,521.0,559.0,622.0,250.0,3.0,42.0,true
635.0,577.0,729.0,660.0,250.0,3.0,42.0,true
787.0,519.0,848.0,618.0,250.0,3.0,42.0,true
1052.0,519.0,1063.0,621.0,250.0,3.0,42.0,true
1024.0,413.0,1064.0,507.0,253.0,85.0,3.0,false
550.0,310.0,1099.0,324.0,253.0,85.0,3.0,false
550.0,314.0,563.0,362.0,253.0,85.0,3.0,false
371.0,443.0,1030.0,457.0,253.0,85.0,3.0,false
474.0,454.0,631.0,500.0,253.0,85.0,3.0,false
724.0,454.0,874.0,508.0,253.0,85.0,3.0,false
952.0,451.0,1028.0,505.0,253.0,85.0,3.0,false
942.0,481.0,1028.0,521.0,253.0,85.0,3.0,false
456.0,499.0,529.0,521.0,253.0,85.0,3.0,false
550.0,403.0,565.0,449.0,253.0,85.0,3.0,false
814.0,321.0,832.0,361.0,253.0,85.0,3.0,false
815.0,405.0,833.0,445.0,253.0,85.0,3.0,false
1015.0,413.0,1032.0,450.0,253.0,85.0,3.0,false
198.0,443.0,382.0,514.0,253.0,85.0,3.0,false
324.0,90.0,618.0,115.0,253.0,85.0,3.0,false
602.0,37.0,618.0,114.0,253.0,85.0,3.0,false
602.0,36.0,1059.0,55.0,253.0,85.0,3.0,false
198.0,186.0,280.0,370.0,250.0,3.0,42.0,true
332.0,115.0,486.0,165.0,250.0,3.0,42.0,true
814.0,142.0,832.0,313.0,253.0,85.0,3.0,false
779.0,142.0,825.0,155.0,253.0,85.0,3.0,false
583.0,112.0,618.0,163.0,253.0,85.0,3.0,false
391.0,103.0,426.0,151.0,253.0,85.0,3.0,false
193.0,256.0,246.0,293.0,253.0,85.0,3.0,false
658.0,51.0,675.0,92.0,253.0,85.0,3.0,false
716.0,54.0,729.0,90.0,253.0,85.0,3.0,false
768.0,54.0,782.0,90.0,253.0,85.0,3.0,false
829.0,54.0,847.0,90.0,253.0,85.0,3.0,false
886.0,52.0,896.0,90.0,253.0,85.0,3.0,false
934.0,53.0,945.0,88.0,253.0,85.0,3.0,false
983.0,52.0,999.0,88.0,253.0,85.0,3.0,false
1036.0,51.0,1059.0,90.0,253.0,85.0,3.0,false
616.0,54.0,1037.0,89.0,250.0,3.0,42.0,true
314.0,-6.0,390.0,31.0,253.0,85.0,3.0,false
317.0,15.0,396.0,99.0,253.0,85.0,3.0,false
344.0,-9.0,405.0,103.0,253.0,85.0,3.0,false
506.0,-6.0,549.0,39.0,250.0,3.0,42.0,true
550.0,393.0,599.0,408.0,253.0,85.0,3.0,false
11
-432.0,87.0,-158.0,607.0,true,false,false,360,1.3,250.0,3.0,42.0,99,false
1160.0,613.0,2059.0,661.0,true,false,false,255,4.0,250.0,3.0,42.0,239,false
1167.0,565.0,2067.0,614.0,true,false,false,255,4.0,250.0,3.0,42.0,242,true
1048.0,519.0,1947.0,567.0,true,false,false,255,4.0,250.0,3.0,42.0,212,true
1015.0,325.0,1099.0,413.0,false,false,true,100,1.0,174.0,3.0,255.0,75,true
357.0,364.0,418.0,422.0,false,false,true,150,1.0,174.0,3.0,255.0,95,true
291.0,171.0,363.0,236.0,false,false,true,150,1.0,174.0,3.0,255.0,20,true
481.0,159.0,528.0,202.0,false,false,true,150,1.0,174.0,3.0,255.0,85,true
583.0,163.0,617.0,310.0,false,false,true,150,1.0,174.0,3.0,255.0,28,false
551.0,-1.0,1098.0,38.0,false,false,true,305,1.0,174.0,3.0,255.0,102,false
1052.0,90.0,1320.0,310.0,true,false,false,280,1.0,250.0,3.0,42.0,221,false
7
55
10
10
10
10
10
0
