956.0,613.0,1098.0,699.0,235,235,0
8
-173.0,-54.0,480.0,300.0,50.0,50.0,50.0
342.0,-54.0,1339.0,413.0,50.0,50.0,50.0
-173.0,272.0,654.0,845.0,50.0,50.0,50.0
486.0,348.0,1269.0,809.0,50.0,50.0,50.0
-83.0,-54.0,75.0,50.0,50.0,50.0,50.0
857.0,522.0,1115.0,704.0,100.0,100.0,100.0
885.0,550.0,1106.0,706.0,200.0,200.0,200.0
920.0,585.0,1148.0,739.0,255.0,255.0,255.0
3000,124.0,56.0
5
1084.0,28.0,false,false,false,50,0.5,100,0,0.0,false
841.0,650.0,true,true,true,150,2.0,25,2,116.0,true
1085.0,353.0,true,true,true,150,2.0,25,2,24.0,false
1075.0,240.0,true,true,true,150,2.0,25,2,98.0,true
122.0,319.0,false,false,true,150,2.0,70,0,0.0,false
3
-1.0,1.0,79.0,699.0,253.0,85.0,3.0,false
161.0,-6.0,1098.0,68.0,253.0,85.0,3.0,false
166.0,136.0,1037.0,512.0,250.0,3.0,42.0,true
1
0.0,-800.0,1100.0,20.0,true,true,false,1000,0.8,250.0,3.0,42.0,0,true
7
99
99
0
0
0
0
0
