484.0,563.0,718.0,699.0,235,235,0
5
-256.0,-31.0,508.0,319.0,50.0,50.0,50.0
309.0,-30.0,1343.0,375.0,50.0,50.0,50.0
-256.0,247.0,677.0,868.0,50.0,50.0,50.0
503.0,247.0,1343.0,868.0,50.0,50.0,50.0
-82.0,-31.0,72.0,60.0,50.0,50.0,50.0
1000,556.0,27.0
0
22
1.0,563.0,536.0,699.0,250.0,3.0,42.0,false
673.0,563.0,1099.0,699.0,250.0,3.0,42.0,false
-26.0,-31.0,481.0,601.0,250.0,3.0,42.0,false
769.0,1.0,1099.0,574.0,250.0,3.0,42.0,false
719.0,-31.0,872.0,66.0,250.0,3.0,42.0,false
-10.0,11.0,461.0,49.0,255.0,145.0,3.0,false
740.0,12.0,1098.0,54.0,255.0,145.0,3.0,false
17.0,36.0,59.0,656.0,255.0,145.0,3.0,false
1046.0,44.0,1081.0,671.0,255.0,145.0,3.0,false
693.0,625.0,1076.0,671.0,255.0,145.0,3.0,false
17.0,625.0,515.0,666.0,255.0,145.0,3.0,false
17.0,633.0,515.0,671.0,255.0,145.0,3.0,false
495.0,568.0,518.0,686.0,255.0,145.0,3.0,false
688.0,572.0,711.0,687.0,255.0,145.0,3.0,false
1006.0,514.0,1056.0,530.0,255.0,145.0,3.0,false
1008.0,385.0,1051.0,403.0,255.0,145.0,3.0,false
1006.0,275.0,1049.0,293.0,255.0,145.0,3.0,false
1006.0,139.0,1055.0,157.0,255.0,145.0,3.0,false
51.0,524.0,102.0,542.0,255.0,145.0,3.0,false
53.0,410.0,105.0,428.0,255.0,145.0,3.0,false
55.0,272.0,104.0,291.0,255.0,145.0,3.0,false
59.0,142.0,104.0,161.0,255.0,145.0,3.0,false
2
251.0,62.0,488.0,565.0,true,false,false,150,1.0,250.0,3.0,42.0,6,true
578.0,62.0,817.0,565.0,true,false,false,150,1.0,250.0,3.0,42.0,9,true
7
0
0
0
0
0
0
0
