-10.0,-10.0,-10.0,-10.0,235,235,0
5
-192.0,-67.0,427.0,468.0,50.0,50.0,50.0
-165.0,314.0,332.0,829.0,50.0,50.0,50.0
176.0,327.0,1286.0,778.0,50.0,50.0,50.0
304.0,-67.0,1315.0,417.0,50.0,50.0,50.0
-59.0,-62.0,103.0,77.0,50.0,50.0,50.0
9000,544.0,205.0
14
849.5,279.0,true,false,true,80,0.5,100,2,8.5,false
897.5,320.0,true,false,true,80,0.5,100,2,48.5,false
862.5,380.0,true,false,true,80,0.5,100,2,16.5,false
786.0,15.0,false,false,true,80,0.5,100,0,0.0,false
802.0,678.0,false,false,true,80,0.5,100,0,0.0,false
1082.0,109.5,true,true,true,240,2.5,90,2,92.5,false
1075.0,544.0,true,true,true,240,2.5,90,2,135.0,false
23.0,648.5,true,true,true,620,2.5,90,4,607.5,false
18.0,18.0,false,false,true,620,2.5,90,0,0.0,false
25.0,685.0,false,false,true,620,2.5,90,0,0.0,false
330.0,680.0,false,false,true,620,2.5,90,0,0.0,false
330.0,17.0,false,false,true,620,2.5,90,0,0.0,false
143.0,419.0,false,false,true,620,2.5,130,4,0.0,false
141.0,179.0,false,false,true,620,2.5,130,4,0.0,false
12
434.0,1.0,445.0,698.0,250.0,3.0,42.0,true
637.0,1.0,652.0,698.0,250.0,3.0,42.0,true
816.0,652.0,830.0,699.0,253.0,85.0,3.0,false
804.0,1.0,817.0,38.0,253.0,85.0,3.0,false
306.0,-2.0,318.0,44.0,253.0,85.0,3.0,false
299.0,647.0,315.0,699.0,253.0,85.0,3.0,false
108.0,440.0,157.0,458.0,253.0,85.0,3.0,false
108.0,377.0,120.0,456.0,253.0,85.0,3.0,false
108.0,374.0,158.0,390.0,253.0,85.0,3.0,false
102.0,137.0,121.0,221.0,253.0,85.0,3.0,false
102.0,136.0,160.0,154.0,253.0,85.0,3.0,false
102.0,208.0,160.0,224.0,253.0,85.0,3.0,false
4
627.0,1.0,658.0,699.0,false,false,true,540,1.0,174.0,3.0,255.0,0,true
427.0,1.0,455.0,698.0,false,false,true,540,1.0,174.0,3.0,255.0,540,false
448.0,226.0,636.0,734.0,true,true,false,540,0.9,250.0,3.0,42.0,27,true
448.0,-472.0,636.0,34.0,true,true,false,540,0.9,250.0,3.0,42.0,27,true
7
99
20
10
5
5
5
5
