-10.0,-10.0,-10.0,-10.0,235,235,0
5
526.0,291.0,1243.0,821.0,0.0,0.0,0.0
-226.0,294.0,595.0,868.0,0.0,0.0,0.0
405.0,-31.0,1343.0,395.0,0.0,0.0,0.0
-256.0,-30.0,419.0,338.0,0.0,0.0,0.0
-91.0,-31.0,119.0,79.0,0.0,0.0,0.0
5000,533.0,321.0
8
496.0,626.0,false,false,true,50,0.5,80,-1,0.0,true
490.0,59.0,false,false,true,50,0.5,80,-1,0.0,true
1047.0,358.0,false,false,true,50,0.5,80,-1,0.0,true
85.0,360.0,false,false,true,50,0.5,80,-1,0.0,true
1084.0,19.0,false,false,true,50,0.5,80,-1,0.0,true
1075.0,679.0,false,false,true,50,0.5,80,-1,0.0,true
25.0,679.0,false,false,true,50,0.5,80,-1,0.0,true
19.0,20.0,false,false,true,50,0.5,80,-1,0.0,true
4
821.0,122.0,866.0,163.0,250.0,3.0,42.0,false
722.0,438.0,778.0,498.0,250.0,3.0,42.0,false
244.0,494.0,287.0,540.0,250.0,3.0,42.0,false
336.0,142.0,385.0,190.0,250.0,3.0,42.0,false
0
7
1
0
0
0
0
0
0
