413.0,685.0,703.0,699.0,235,235,0
5
-173.0,-54.0,664.0,357.0,50.0,50.0,50.0
475.0,-53.0,1284.0,400.0,50.0,50.0,50.0
536.0,285.0,1277.0,784.0,50.0,50.0,50.0
-151.0,316.0,671.0,801.0,50.0,50.0,50.0
-53.0,-32.0,62.0,88.0,50.0,50.0,50.0
3000,554.0,67.0
6
854.5,576.0,true,false,true,150,0.5,60,0,134.5,false
902.0,66.0,false,false,true,150,0.5,90,0,0.0,false
908.0,312.0,false,false,true,150,0.5,90,0,0.0,false
608.0,350.0,false,false,true,150,0.5,90,0,0.0,false
607.0,541.0,false,false,true,150,0.5,100,4,0.0,false
1072.0,671.0,false,false,false,250,0.5,50,0,0.0,false
20
-52.0,-34.0,409.0,45.0,253.0,85.0,3.0,false
698.0,-4.0,1099.0,45.0,253.0,85.0,3.0,false
-1.0,33.0,200.0,699.0,253.0,85.0,3.0,false
925.0,32.0,1098.0,699.0,253.0,85.0,3.0,false
171.0,603.0,413.0,699.0,253.0,85.0,3.0,false
704.0,602.0,928.0,699.0,253.0,85.0,3.0,false
522.0,142.0,588.0,573.0,253.0,85.0,3.0,false
543.0,570.0,569.0,624.0,253.0,85.0,3.0,false
542.0,90.0,566.0,148.0,253.0,85.0,3.0,false
396.0,150.0,521.0,200.0,250.0,3.0,42.0,true
200.0,270.0,395.0,345.0,250.0,3.0,42.0,true
265.0,45.0,301.0,204.0,250.0,3.0,42.0,true
342.0,416.0,520.0,448.0,250.0,3.0,42.0,true
345.0,455.0,372.0,544.0,250.0,3.0,42.0,true
207.0,353.0,235.0,480.0,250.0,3.0,42.0,true
417.0,603.0,470.0,629.0,250.0,3.0,42.0,true
261.0,526.0,340.0,544.0,250.0,3.0,42.0,true
312.0,579.0,336.0,598.0,250.0,3.0,42.0,true
455.0,516.0,516.0,542.0,250.0,3.0,42.0,true
526.0,294.0,844.0,328.0,253.0,85.0,3.0,false
2
396.0,294.0,522.0,327.0,false,false,true,60,1.0,174.0,3.0,255.0,36,false
0.0,-797.60004,1100.0,2.399985,true,true,false,910,0.8,250.0,3.0,42.0,7,false
7
99
99
99
0
0
0
0
