230.0,219.0,369.0,368.0,235,235,0
6
-190.0,326.0,679.0,764.0,50.0,50.0,50.0
-190.0,-53.0,495.0,427.0,50.0,50.0,50.0
382.0,-53.0,1342.0,439.0,50.0,50.0,50.0
692.0,290.0,1190.0,806.0,50.0,50.0,50.0
492.0,349.0,906.0,805.0,50.0,50.0,50.0
-42.0,-20.0,126.0,83.0,50.0,50.0,50.0
4000,1063.8999,650.42
4
33.0,601.0,false,false,true,50,0.5,200,4,4.0,true
154.0,336.0,false,false,true,50,0.5,40,2,2.0,true
1050.0,48.0,false,false,true,50,0.5,70,0,0.0,true
390.0,237.0,true,true,true,250,1.0,25,4,3.0,false
26
765.0,539.0,1099.0,569.0,253.0,85.0,3.0,false
860.0,623.0,1032.0,699.0,253.0,85.0,3.0,false
740.0,556.0,1099.0,581.0,253.0,85.0,3.0,false
449.0,628.0,774.0,698.0,253.0,85.0,3.0,false
621.0,532.0,770.0,581.0,253.0,85.0,3.0,false
270.0,512.0,545.0,580.0,253.0,85.0,3.0,false
0.0,630.0,357.0,699.0,253.0,85.0,3.0,false
449.0,671.0,774.0,699.0,253.0,85.0,3.0,false
270.0,506.0,1099.0,513.0,253.0,85.0,3.0,false
534.0,510.0,1099.0,539.0,253.0,85.0,3.0,false
129.0,368.0,310.0,506.0,253.0,85.0,3.0,false
190.0,205.0,231.0,371.0,253.0,85.0,3.0,false
72.0,205.0,197.0,276.0,253.0,85.0,3.0,false
75.0,214.0,75.0,214.0,253.0,85.0,3.0,false
72.0,150.0,820.0,219.0,253.0,85.0,3.0,false
850.0,362.0,1098.0,511.0,253.0,85.0,3.0,false
1017.0,99.0,1099.0,514.0,253.0,85.0,3.0,false
1032.0,183.0,1038.0,391.0,253.0,85.0,3.0,false
988.0,97.0,1099.0,131.0,253.0,85.0,3.0,false
705.0,206.0,739.0,412.0,253.0,85.0,3.0,false
720.0,200.0,820.0,286.0,253.0,85.0,3.0,false
296.0,369.0,369.0,511.0,253.0,85.0,3.0,false
262.0,368.0,368.0,422.0,253.0,85.0,3.0,false
705.0,407.0,739.0,453.0,253.0,85.0,3.0,false
447.0,621.0,775.0,699.0,253.0,85.0,3.0,false
-2.0,621.0,357.0,633.0,253.0,85.0,3.0,false
0
7
0
0
0
0
0
0
0
