59.0,-9.0,188.0,97.0,235,235,0
5
-160.0,-61.0,629.0,436.0,50.0,50.0,50.0
385.0,-61.0,1170.0,285.0,50.0,50.0,50.0
482.0,228.0,1305.0,828.0,50.0,50.0,50.0
-160.0,366.0,633.0,765.0,50.0,50.0,50.0
-38.0,-6.0,130.0,59.0,50.0,50.0,50.0
3500,52.0,677.0
18
16.0,21.0,false,false,true,50,0.5,50,3,3.0,true
274.0,141.0,false,false,true,50,0.5,70,0,0.0,true
272.0,402.0,false,false,true,50,0.5,70,0,0.0,true
137.0,669.0,false,false,true,50,0.5,50,1,1.0,true
1078.0,627.0,false,false,true,50,0.5,80,0,0.0,true
1077.0,588.0,false,false,true,50,0.5,80,0,0.0,true
1076.0,551.0,false,false,true,50,0.5,80,0,0.0,true
1077.0,515.0,false,false,true,50,0.5,80,0,0.0,true
256.0,50.0,false,false,true,50,0.5,70,0,0.0,true
341.0,403.0,false,false,true,50,0.5,30,1,0.0,true
370.0,403.0,false,false,true,50,0.5,32,1,0.0,true
402.0,401.0,false,false,true,50,0.5,34,1,0.0,true
434.0,403.0,false,false,true,50,0.5,36,1,0.0,true
467.0,405.0,false,false,true,50,0.5,38,1,0.0,true
504.0,407.0,false,false,true,50,0.5,40,1,0.0,true
541.0,405.0,false,false,true,50,0.5,42,1,0.0,true
1076.0,304.0,true,true,true,150,0.5,25,2,69.0,false
904.5,32.0,true,false,true,150,0.5,25,0,66.5,false
15
86.0,475.0,113.0,699.0,255.0,27.0,3.0,false
38.0,442.0,113.0,481.0,255.0,27.0,3.0,false
38.0,174.0,61.0,447.0,255.0,27.0,3.0,false
39.0,-15.0,62.0,122.0,255.0,27.0,3.0,false
50.0,96.0,322.0,122.0,255.0,27.0,3.0,false
289.0,96.0,322.0,423.0,255.0,27.0,3.0,false
175.0,425.0,322.0,477.0,255.0,27.0,3.0,false
289.0,378.0,322.0,459.0,255.0,27.0,3.0,false
175.0,458.0,205.0,580.0,255.0,27.0,3.0,false
172.0,648.0,1099.0,699.0,255.0,27.0,3.0,false
274.0,425.0,803.0,477.0,255.0,27.0,3.0,false
967.0,423.0,1099.0,480.0,255.0,27.0,3.0,false
20.0,26.0,20.0,26.0,255.0,27.0,3.0,false
560.0,93.0,803.0,439.0,255.0,27.0,3.0,false
1049.0,1.0,1099.0,214.0,255.0,27.0,3.0,false
0
7
30
0
0
0
0
0
0
