-10.0,-10.0,-10.0,-10.0,235,235,0
5
527.0,356.0,1173.0,785.0,50.0,50.0,50.0
-191.0,409.0,533.0,801.0,50.0,50.0,50.0
472.0,-14.0,1114.0,426.0,50.0,50.0,50.0
-35.0,-22.0,497.0,448.0,50.0,50.0,50.0
-33.0,-32.0,58.0,56.0,50.0,50.0,50.0
700,83.0,638.0
12
1059.0,573.0,true,false,false,80,0.5,30,0,80.0,true
1056.5,495.0,true,false,false,80,0.5,30,0,80.0,true
1052.0,389.0,true,false,false,80,0.5,30,0,80.0,true
1049.0,317.0,true,false,false,80,0.5,30,0,80.0,true
1049.5,203.0,true,false,false,80,0.5,30,0,80.0,true
1045.5,131.0,true,false,false,80,0.5,30,0,80.0,true
951.0,572.0,false,false,true,50,0.5,40,0,0.0,true
949.0,494.0,false,false,true,50,0.5,40,0,0.0,true
949.0,388.0,false,false,true,50,0.5,40,0,0.0,true
948.0,319.0,false,false,true,50,0.5,40,0,0.0,true
941.0,203.0,false,false,true,50,0.5,40,0,0.0,true
942.0,137.0,false,false,true,50,0.5,40,0,0.0,true
8
159.0,560.0,865.0,699.0,253.0,85.0,3.0,false
730.0,656.0,751.0,698.0,253.0,85.0,3.0,false
160.0,377.0,866.0,513.0,253.0,85.0,3.0,false
160.0,191.0,865.0,335.0,253.0,85.0,3.0,false
161.0,-32.0,865.0,149.0,253.0,85.0,3.0,false
839.0,-6.0,1099.0,50.0,253.0,85.0,3.0,false
1083.0,21.0,1099.0,698.0,253.0,85.0,3.0,false
857.0,670.0,1099.0,699.0,253.0,85.0,3.0,false
0
7
0
0
35
0
0
0
0
