973.0,584.0,1099.0,699.0,235,235,0
5
-140.0,-32.0,631.0,517.0,50.0,50.0,50.0
541.0,-32.0,1256.0,345.0,50.0,50.0,50.0
506.0,300.0,1219.0,719.0,50.0,50.0,50.0
-182.0,446.0,793.0,735.0,50.0,50.0,50.0
-77.0,-32.0,54.0,37.0,50.0,50.0,50.0
900,71.0,361.0
6
166.0,188.0,false,false,true,50,0.5,10,2,0.0,true
163.0,575.0,false,false,true,50,0.5,10,4,0.0,true
362.0,362.0,false,false,true,50,0.5,10,2,0.0,true
982.0,37.0,false,false,true,50,0.5,10,3,0.0,true
643.0,183.0,false,false,true,50,0.5,10,3,0.0,true
922.0,596.0,false,false,true,50,0.5,10,2,0.0,true
18
121.0,115.0,140.0,182.0,253.0,85.0,3.0,false
121.0,194.0,139.0,588.0,253.0,85.0,3.0,false
939.0,584.0,973.0,699.0,253.0,85.0,3.0,false
940.0,530.0,973.0,563.0,253.0,85.0,3.0,false
128.0,505.0,973.0,530.0,253.0,85.0,3.0,false
316.0,-4.0,336.0,354.0,253.0,85.0,3.0,false
316.0,372.0,316.0,372.0,253.0,85.0,3.0,false
316.0,367.0,335.0,413.0,253.0,85.0,3.0,false
911.0,-9.0,931.0,70.0,253.0,85.0,3.0,false
925.0,54.0,977.0,70.0,253.0,85.0,3.0,false
987.0,54.0,1007.0,69.0,253.0,85.0,3.0,false
589.0,212.0,634.0,231.0,253.0,85.0,3.0,false
589.0,184.0,604.0,231.0,253.0,85.0,3.0,false
651.0,213.0,692.0,231.0,253.0,85.0,3.0,false
678.0,186.0,692.0,229.0,253.0,85.0,3.0,false
334.0,-9.0,916.0,16.0,253.0,85.0,3.0,false
801.0,637.0,941.0,699.0,253.0,85.0,3.0,false
331.0,228.0,407.0,246.0,253.0,85.0,3.0,false
0
7
0
20
0
0
0
0
0
