-10.0,-10.0,-10.0,-10.0,235,235,0
5
-218.0,266.0,682.0,792.0,50.0,50.0,50.0
-160.0,-40.0,452.0,403.0,50.0,50.0,50.0
235.0,-40.0,1286.0,395.0,50.0,50.0,50.0
589.0,332.0,1340.0,859.0,50.0,50.0,50.0
-67.0,-40.0,43.0,34.0,50.0,50.0,50.0
2000,1061.0,341.0
8
1053.0,50.0,true,false,true,150,0.5,60,3,134.0,false
968.0,622.0,true,false,true,180,0.5,65,0,58.0,true
129.0,76.0,false,false,false,180,0.5,65,4,0.0,true
46.0,325.0,false,false,false,180,0.5,65,4,0.0,true
90.0,618.0,false,false,false,180,0.5,65,4,0.0,true
607.0,55.5,true,true,false,180,0.5,65,4,37.5,true
609.0,468.5,true,true,false,180,0.5,65,4,32.5,true
281.0,420.0,true,true,false,600,0.5,65,4,401.0,true
18
215.0,295.0,215.0,295.0,0.0,0.0,0.0,false
868.0,2.0,887.0,699.0,253.0,85.0,3.0,false
868.0,-7.0,886.0,26.0,253.0,85.0,3.0,false
880.0,-10.0,887.0,10.0,253.0,85.0,3.0,false
363.0,0.0,383.0,227.0,253.0,85.0,3.0,false
363.0,419.0,384.0,699.0,253.0,85.0,3.0,false
41.0,561.0,52.0,677.0,253.0,85.0,3.0,false
41.0,667.0,146.0,678.0,253.0,85.0,3.0,false
133.0,560.0,146.0,678.0,253.0,85.0,3.0,false
41.0,556.0,146.0,568.0,253.0,85.0,3.0,false
0.0,361.0,94.0,376.0,253.0,85.0,3.0,false
79.0,276.0,94.0,375.0,253.0,85.0,3.0,false
-1.0,276.0,92.0,289.0,253.0,85.0,3.0,false
-23.0,280.0,16.0,368.0,253.0,85.0,3.0,false
77.0,110.0,178.0,124.0,253.0,85.0,3.0,false
76.0,28.0,93.0,123.0,253.0,85.0,3.0,false
76.0,26.0,178.0,43.0,253.0,85.0,3.0,false
162.0,26.0,178.0,123.0,253.0,85.0,3.0,false
3
999.0,451.0,1211.0,512.0,true,false,false,200,1.0,250.0,3.0,42.0,109,true
977.0,130.0,1189.0,192.0,true,false,false,200,1.0,250.0,3.0,42.0,86,true
354.0,224.0,393.0,424.0,false,false,true,200,1.0,174.0,3.0,255.0,80,true
7
0
0
0
0
0
0
25
