397.0,688.0,696.0,698.0,235,235,0
5
-173.0,-54.0,756.0,393.0,50.0,50.0,50.0
569.0,-54.0,1260.0,459.0,50.0,50.0,50.0
530.0,310.0,1278.0,797.0,50.0,50.0,50.0
-173.0,253.0,692.0,754.0,50.0,50.0,50.0
-34.0,-32.0,59.0,34.0,50.0,50.0,50.0
2000,543.0,92.0
4
653.0,660.0,true,false,true,250,0.5,100,1,229.0,true
655.0,434.0,false,false,true,250,0.5,50,0,0.0,false
424.0,282.0,false,false,true,250,0.5,50,0,0.0,false
1020.0,590.0,false,false,false,250,0.5,50,0,0.0,false
6
0.0,0.0,397.0,699.0,253.0,85.0,3.0,false
694.0,-28.0,1099.0,530.0,253.0,85.0,3.0,false
694.0,175.0,1027.0,699.0,253.0,85.0,3.0,false
915.0,486.0,1099.0,699.0,253.0,85.0,3.0,false
631.0,452.0,680.0,468.0,253.0,85.0,3.0,false
400.0,302.0,451.0,317.0,253.0,85.0,3.0,false
1
0.0,-792.75,1100.0,6.25,true,true,false,750,1.25,250.0,3.0,42.0,6,true
7
99
99
99
0
0
0
0
