309.0,686.0,830.0,699.0,235,235,0
4
-173.0,-54.0,386.0,314.0,50.0,50.0,50.0
323.0,-54.0,1250.0,497.0,50.0,50.0,50.0
618.0,313.0,1203.0,754.0,50.0,50.0,50.0
-158.0,238.0,826.0,793.0,50.0,50.0,50.0
4000,578.0,76.0
13
325.0,181.0,false,false,true,50,0.5,100,4,0.0,false
326.0,220.0,false,false,true,50,0.5,90,4,0.0,false
326.0,261.0,false,false,true,50,0.5,80,4,0.0,false
327.0,300.0,false,false,true,50,0.5,70,4,0.0,false
328.0,337.0,false,false,true,50,0.5,60,4,0.0,false
327.0,374.0,false,false,true,50,0.5,50,4,0.0,false
814.0,407.0,false,false,true,50,0.5,100,2,0.0,false
813.0,453.0,false,false,true,50,0.5,90,2,0.0,false
814.0,492.0,false,false,true,50,0.5,80,2,0.0,false
815.0,534.0,false,false,true,50,0.5,70,2,0.0,false
817.0,570.0,false,false,true,50,0.5,60,2,0.0,false
818.0,604.0,false,false,true,50,0.5,50,2,0.0,false
1208.0,604.0,false,false,true,50,0.5,50,2,0.0,false
4
-3.0,157.0,308.0,698.0,253.0,85.0,3.0,false
-19.0,-15.0,308.0,389.0,253.0,85.0,3.0,false
830.0,75.0,1098.0,699.0,253.0,85.0,3.0,false
830.0,-2.0,1098.0,338.0,253.0,85.0,3.0,false
2
0.0,0.0,1099.0,20.0,true,true,false,800,1.0,250.0,3.0,42.0,0,true
308.0,623.0,828.0,659.0,false,false,true,550,1.0,174.0,3.0,255.0,0,true
7
99
99
99
0
0
0
0
