-10.0,-10.0,-10.0,-10.0,235,235,0
8
-165.0,175.0,664.0,820.0,50.0,50.0,50.0
462.0,154.0,1229.0,799.0,50.0,50.0,50.0
-165.0,-20.0,808.0,452.0,50.0,50.0,50.0
327.0,218.0,1248.0,335.0,50.0,50.0,50.0
735.0,23.0,1130.0,195.0,50.0,50.0,50.0
649.0,27.0,1137.0,146.0,50.0,50.0,50.0
708.0,-17.0,1102.0,86.0,50.0,50.0,50.0
1063.0,17.0,1143.0,21.0,50.0,50.0,50.0
1000,519.0,652.0
1
534.5,177.0,true,false,false,50,0.5,100,1,36.5,false
26
426.0,563.0,472.0,699.0,253.0,85.0,3.0,false
567.0,564.0,612.0,699.0,253.0,85.0,3.0,false
302.0,414.0,742.0,454.0,253.0,85.0,3.0,false
-8.0,42.0,139.0,606.0,253.0,85.0,3.0,false
979.0,38.0,1099.0,582.0,253.0,85.0,3.0,false
-1.0,562.0,432.0,696.0,253.0,85.0,3.0,false
11.0,557.0,475.0,699.0,253.0,85.0,3.0,false
566.0,562.0,1093.0,699.0,253.0,85.0,3.0,false
566.0,556.0,979.0,593.0,253.0,85.0,3.0,false
1049.0,554.0,1099.0,699.0,253.0,85.0,3.0,false
0.0,-6.0,426.0,127.0,253.0,85.0,3.0,false
1081.0,44.0,1092.0,140.0,253.0,85.0,3.0,false
635.0,1.0,1099.0,123.0,253.0,85.0,3.0,false
270.0,384.0,316.0,483.0,255.0,27.0,3.0,false
732.0,379.0,778.0,484.0,255.0,27.0,3.0,false
812.0,198.0,897.0,284.0,255.0,27.0,3.0,false
162.0,148.0,238.0,211.0,255.0,27.0,3.0,false
573.0,562.0,1096.0,698.0,255.0,27.0,3.0,false
-3.0,567.0,464.0,699.0,255.0,27.0,3.0,false
-15.0,-15.0,126.0,577.0,255.0,27.0,3.0,false
2.0,-4.0,413.0,111.0,255.0,27.0,3.0,false
4.0,111.0,413.0,117.0,255.0,27.0,3.0,false
664.0,-6.0,1093.0,107.0,255.0,27.0,3.0,false
646.0,3.0,1085.0,110.0,255.0,27.0,3.0,false
648.0,-3.0,740.0,21.0,255.0,27.0,3.0,false
989.0,93.0,1099.0,699.0,255.0,27.0,3.0,false
0
7
10
0
0
0
0
0
0
