61.0,690.0,122.0,699.0,235,235,0
5
624.0,-54.0,1226.0,328.0,50.0,50.0,50.0
-173.0,-54.0,841.0,348.0,50.0,50.0,50.0
541.0,241.0,1310.0,832.0,50.0,50.0,50.0
-173.0,255.0,742.0,790.0,50.0,50.0,50.0
-78.0,-54.0,82.0,57.0,50.0,50.0,50.0
3000,611.0,96.0
13
750.0,682.0,false,false,true,50,0.5,70,1,0.0,false
724.0,682.0,false,false,true,50,0.5,70,1,0.0,false
698.0,682.0,false,false,true,50,0.5,70,1,0.0,false
673.0,682.0,false,false,true,50,0.5,70,1,0.0,false
648.0,682.0,false,false,true,50,0.5,70,1,0.0,false
623.0,682.0,false,false,true,50,0.5,70,1,0.0,false
598.0,682.0,false,false,true,50,0.5,70,1,0.0,false
571.0,681.0,false,false,true,50,0.5,70,1,0.0,false
547.0,680.0,false,false,true,50,0.5,70,1,0.0,false
522.0,679.0,false,false,true,50,0.5,70,1,0.0,false
498.0,680.0,false,false,true,50,0.5,70,1,0.0,false
474.0,681.0,false,false,true,50,0.5,70,1,0.0,false
451.0,681.0,false,false,true,50,0.5,70,1,0.0,false
14
767.0,-54.0,1093.0,337.0,253.0,85.0,3.0,false
767.0,152.0,1099.0,699.0,253.0,85.0,3.0,false
986.0,0.0,1099.0,269.0,253.0,85.0,3.0,false
-2.0,1.0,435.0,231.0,253.0,85.0,3.0,false
119.0,291.0,435.0,699.0,253.0,85.0,3.0,false
-37.0,195.0,61.0,696.0,253.0,85.0,3.0,false
-5.0,603.0,61.0,699.0,253.0,85.0,3.0,false
58.0,231.0,434.0,245.0,250.0,3.0,42.0,true
253.0,277.0,434.0,291.0,250.0,3.0,42.0,true
103.0,333.0,119.0,427.0,250.0,3.0,42.0,true
61.0,464.0,88.0,492.0,250.0,3.0,42.0,true
86.0,531.0,119.0,562.0,250.0,3.0,42.0,true
62.0,594.0,92.0,624.0,250.0,3.0,42.0,true
91.0,654.0,119.0,683.0,250.0,3.0,42.0,true
1
0.0,-800.0,1100.0,14.0,true,true,false,1000,0.7,250.0,3.0,42.0,0,true
7
0
0
0
0
0
0
0
