733.0,272.0,881.0,435.0,235,235,0
6
436.0,166.0,1330.0,768.0,50.0,50.0,50.0
-160.0,218.0,568.0,837.0,50.0,50.0,50.0
-160.0,-61.0,557.0,297.0,50.0,50.0,50.0
444.0,-61.0,1254.0,274.0,50.0,50.0,50.0
-73.0,-52.0,90.0,69.0,50.0,50.0,50.0
1043.0,522.0,1043.0,522.0,50.0,50.0,50.0
9000,40.0,98.0
13
1076.0,57.0,false,false,true,50,0.5,20,2,0.0,false
1087.0,143.0,false,false,true,50,0.5,50,2,0.0,false
1069.5,681.0,true,false,true,100,0.5,30,1,69.5,false
17.0,684.0,false,false,true,50,0.5,40,4,0.0,false
16.0,653.0,false,false,true,50,0.5,45,4,0.0,false
16.0,622.0,false,false,true,50,0.5,43,4,0.0,false
15.0,195.0,false,false,true,50,0.5,30,0,0.0,false
58.0,195.0,false,false,true,50,0.5,30,0,0.0,false
960.0,238.5,true,true,true,50,0.5,15,0,46.5,true
708.0,305.5,true,true,true,120,1.5,15,0,19.5,false
543.5,462.0,true,false,true,120,1.5,15,1,13.5,false
338.5,461.0,true,false,true,120,1.5,15,1,34.5,true
126.0,290.0,true,false,true,50,0.5,70,0,16.0,false
77
-10.0,25.0,59.0,38.0,253.0,85.0,3.0,false
83.0,24.0,1040.0,39.0,253.0,85.0,3.0,false
-45.0,162.0,1040.0,177.0,253.0,85.0,3.0,false
109.0,63.0,126.0,131.0,253.0,85.0,3.0,false
110.0,39.0,126.0,50.0,253.0,85.0,3.0,false
187.0,147.0,203.0,172.0,253.0,85.0,3.0,false
187.0,70.0,202.0,130.0,253.0,85.0,3.0,false
261.0,69.0,277.0,130.0,253.0,85.0,3.0,false
260.0,35.0,277.0,51.0,253.0,85.0,3.0,false
336.0,69.0,351.0,135.0,253.0,85.0,3.0,false
337.0,147.0,352.0,169.0,253.0,85.0,3.0,false
407.0,68.0,424.0,133.0,253.0,85.0,3.0,false
406.0,33.0,424.0,50.0,253.0,85.0,3.0,false
481.0,69.0,496.0,133.0,253.0,85.0,3.0,false
481.0,148.0,495.0,167.0,253.0,85.0,3.0,false
552.0,67.0,566.0,132.0,253.0,85.0,3.0,false
551.0,36.0,565.0,52.0,253.0,85.0,3.0,false
624.0,68.0,638.0,135.0,253.0,85.0,3.0,false
625.0,146.0,638.0,166.0,253.0,85.0,3.0,false
703.0,66.0,719.0,132.0,253.0,85.0,3.0,false
703.0,33.0,717.0,51.0,253.0,85.0,3.0,false
775.0,68.0,789.0,135.0,253.0,85.0,3.0,false
774.0,149.0,788.0,165.0,253.0,85.0,3.0,false
842.0,65.0,857.0,132.0,253.0,85.0,3.0,false
843.0,36.0,859.0,51.0,253.0,85.0,3.0,false
913.0,71.0,1028.0,121.0,253.0,85.0,3.0,false
1014.0,71.0,1087.0,121.0,253.0,85.0,3.0,false
1074.0,158.0,1099.0,177.0,253.0,85.0,3.0,false
976.0,170.0,991.0,606.0,253.0,85.0,3.0,false
978.0,668.0,1098.0,674.0,253.0,85.0,3.0,false
991.0,228.0,1068.0,270.0,250.0,3.0,42.0,true
1022.0,305.0,1072.0,350.0,250.0,3.0,42.0,true
1062.0,396.0,1098.0,437.0,250.0,3.0,42.0,true
991.0,396.0,1032.0,439.0,250.0,3.0,42.0,true
1024.0,471.0,1099.0,512.0,250.0,3.0,42.0,true
991.0,548.0,1050.0,581.0,250.0,3.0,42.0,true
1065.0,624.0,1097.0,651.0,250.0,3.0,42.0,true
1083.0,147.0,1083.0,147.0,250.0,3.0,42.0,true
978.0,670.0,992.0,698.0,253.0,85.0,3.0,false
80.0,593.0,990.0,606.0,253.0,85.0,3.0,false
788.0,606.0,815.0,667.0,250.0,3.0,42.0,true
658.0,630.0,683.0,699.0,250.0,3.0,42.0,true
551.0,606.0,575.0,671.0,250.0,3.0,42.0,true
387.0,607.0,405.0,667.0,250.0,3.0,42.0,true
321.0,606.0,348.0,668.0,250.0,3.0,42.0,true
256.0,629.0,274.0,699.0,250.0,3.0,42.0,true
194.0,633.0,216.0,699.0,250.0,3.0,42.0,true
80.0,270.0,94.0,603.0,253.0,85.0,3.0,false
32.0,175.0,45.0,207.0,253.0,85.0,3.0,false
80.0,256.0,895.0,273.0,253.0,85.0,3.0,false
80.0,176.0,97.0,210.0,253.0,85.0,3.0,false
881.0,257.0,895.0,489.0,253.0,85.0,3.0,false
894.0,257.0,929.0,311.0,250.0,3.0,42.0,true
941.0,359.0,974.0,396.0,250.0,3.0,42.0,true
896.0,449.0,914.0,462.0,250.0,3.0,42.0,true
843.0,553.0,860.0,598.0,253.0,85.0,3.0,false
722.0,473.0,887.0,489.0,253.0,85.0,3.0,false
753.0,490.0,810.0,555.0,250.0,3.0,42.0,true
719.0,441.0,735.0,489.0,253.0,85.0,3.0,false
665.0,434.0,735.0,452.0,253.0,85.0,3.0,false
665.0,435.0,681.0,489.0,253.0,85.0,3.0,false
664.0,493.0,677.0,555.0,250.0,3.0,42.0,true
504.0,476.0,671.0,489.0,253.0,85.0,3.0,false
504.0,446.0,516.0,487.0,253.0,85.0,3.0,false
457.0,437.0,516.0,452.0,253.0,85.0,3.0,false
452.0,437.0,464.0,490.0,253.0,85.0,3.0,false
387.0,578.0,616.0,593.0,250.0,3.0,42.0,true
508.0,512.0,635.0,539.0,250.0,3.0,42.0,true
184.0,475.0,456.0,490.0,253.0,85.0,3.0,false
427.0,485.0,440.0,544.0,253.0,85.0,3.0,false
329.0,521.0,345.0,596.0,253.0,85.0,3.0,false
257.0,487.0,270.0,560.0,253.0,85.0,3.0,false
185.0,535.0,198.0,600.0,253.0,85.0,3.0,false
722.0,434.0,884.0,478.0,253.0,85.0,3.0,false
184.0,443.0,291.0,476.0,253.0,85.0,3.0,false
288.0,443.0,665.0,445.0,253.0,85.0,3.0,false
177.0,271.0,189.0,311.0,253.0,85.0,3.0,false
13
881.0,656.0,918.0,748.0,true,true,false,100,1.0,250.0,3.0,42.0,48,false
779.0,671.0,821.0,764.0,true,true,false,150,1.0,250.0,3.0,42.0,65,true
651.0,606.0,688.0,699.0,false,false,true,100,1.0,174.0,3.0,255.0,91,false
588.0,606.0,621.0,699.0,false,false,true,100,1.0,174.0,3.0,255.0,30,false
548.0,606.0,582.0,699.0,false,false,true,150,1.0,174.0,3.0,255.0,48,true
456.0,627.0,497.0,720.0,true,true,false,150,1.0,250.0,3.0,42.0,20,false
80.0,606.0,101.0,699.0,false,false,true,150,1.0,174.0,3.0,255.0,70,false
805.0,177.0,841.0,256.0,false,false,true,200,1.0,174.0,3.0,255.0,67,true
652.0,178.0,683.0,255.0,false,false,true,200,1.0,174.0,3.0,255.0,97,true
440.0,177.0,476.0,257.0,false,false,true,200,1.0,174.0,3.0,255.0,74,true
262.0,177.0,298.0,256.0,false,false,true,200,1.0,174.0,3.0,255.0,47,true
895.0,563.0,976.0,584.0,true,true,false,215,1.5,250.0,3.0,42.0,205,true
305.0,489.0,311.0,593.0,true,false,false,222,3.0,250.0,3.0,42.0,40,true
7
30
20
5
5
15
5
2
