-10.0,-10.0,-10.0,-10.0,235,235,0
5
-175.0,-52.0,592.0,447.0,50.0,50.0,50.0
-175.0,338.0,375.0,815.0,50.0,50.0,50.0
237.0,337.0,1143.0,712.0,50.0,50.0,50.0
351.0,-52.0,1284.0,443.0,50.0,50.0,50.0
182.0,182.0,1246.0,222.0,50.0,50.0,50.0
100,549.0,62.0
4
945.0,142.0,false,false,true,50,0.5,15,2,0.0,true
126.0,178.0,false,false,true,50,0.5,15,4,0.0,true
707.0,369.0,false,false,false,50,0.5,15,0,0.0,true
416.0,374.0,false,false,false,50,0.5,15,0,0.0,true
18
622.0,-2.0,649.0,116.0,255.0,27.0,3.0,false
447.0,-9.0,481.0,115.0,255.0,27.0,3.0,false
651.0,1.0,1098.0,27.0,255.0,27.0,3.0,false
1060.0,29.0,1099.0,653.0,255.0,27.0,3.0,false
-6.0,655.0,1098.0,699.0,255.0,27.0,3.0,false
-2.0,39.0,36.0,651.0,255.0,27.0,3.0,false
0.0,-8.0,445.0,35.0,255.0,27.0,3.0,false
-21.0,37.0,33.0,42.0,255.0,27.0,3.0,false
2.0,39.0,30.0,42.0,255.0,27.0,3.0,false
23.0,38.0,34.0,42.0,255.0,27.0,3.0,false
0.0,37.0,36.0,47.0,255.0,27.0,3.0,false
658.0,300.0,1055.0,328.0,255.0,27.0,3.0,false
38.0,311.0,466.0,337.0,255.0,27.0,3.0,false
119.0,409.0,314.0,591.0,255.0,27.0,3.0,false
782.0,376.0,1032.0,630.0,255.0,27.0,3.0,false
527.0,632.0,620.0,655.0,255.0,27.0,3.0,false
797.0,386.0,1019.0,616.0,255.0,100.0,3.0,false
129.0,419.0,302.0,581.0,255.0,100.0,3.0,false
0
7
0
50
0
0
0
0
0
