0.0,589.0,130.0,698.0,235,235,0
4
-219.0,307.0,542.0,851.0,50.0,50.0,50.0
400.0,195.0,1294.0,812.0,50.0,50.0,50.0
671.0,-48.0,1306.0,376.0,50.0,50.0,50.0
-223.0,-48.0,763.0,420.0,50.0,50.0,50.0
5000,1070.0,28.0
6
968.0,560.5,true,true,false,50,0.5,100,2,5.0,false
660.0,504.0,false,false,true,50,0.5,40,1,1.0,true
707.0,466.0,false,false,true,50,0.5,40,2,2.0,true
360.0,678.0,false,false,true,50,0.5,20,2,2.0,true
14.0,46.0,false,false,true,50,0.5,30,0,0.0,true
109.0,571.0,true,false,true,100,0.5,25,1,95.5,true
37
724.0,-3.0,1009.0,70.0,253.0,85.0,3.0,false
724.0,101.0,1099.0,530.0,253.0,85.0,3.0,false
1010.0,523.0,1099.0,699.0,253.0,85.0,3.0,false
379.0,615.0,1018.0,699.0,253.0,85.0,3.0,false
725.0,472.0,920.0,631.0,253.0,85.0,3.0,false
615.0,1.0,732.0,31.0,253.0,85.0,3.0,false
615.0,1.0,615.0,1.0,253.0,85.0,3.0,false
674.0,101.0,759.0,447.0,253.0,85.0,3.0,false
674.0,486.0,732.0,643.0,253.0,85.0,3.0,false
562.0,520.0,688.0,632.0,253.0,85.0,3.0,false
543.0,0.0,636.0,445.0,253.0,85.0,3.0,false
620.0,-7.0,746.0,16.0,253.0,85.0,3.0,false
676.0,7.0,750.0,70.0,253.0,85.0,3.0,false
340.0,486.0,641.0,663.0,253.0,85.0,3.0,false
448.0,-2.0,575.0,29.0,253.0,85.0,3.0,false
137.0,23.0,497.0,73.0,253.0,85.0,3.0,false
-133.0,-18.0,469.0,28.0,253.0,85.0,3.0,false
362.0,105.0,496.0,443.0,253.0,85.0,3.0,false
43.0,106.0,314.0,172.0,253.0,85.0,3.0,false
130.0,443.0,301.0,658.0,253.0,85.0,3.0,false
130.0,282.0,496.0,450.0,253.0,85.0,3.0,false
43.0,141.0,314.0,247.0,253.0,85.0,3.0,false
43.0,202.0,97.0,554.0,253.0,85.0,3.0,false
-5.0,58.0,28.0,71.0,253.0,85.0,3.0,false
636.0,190.0,644.0,227.0,250.0,3.0,42.0,true
529.0,297.0,542.0,338.0,250.0,3.0,42.0,true
348.0,144.0,361.0,191.0,250.0,3.0,42.0,true
28.0,241.0,43.0,301.0,250.0,3.0,42.0,true
496.0,148.0,507.0,195.0,250.0,3.0,42.0,true
573.0,478.0,624.0,485.0,250.0,3.0,42.0,true
381.0,450.0,441.0,457.0,250.0,3.0,42.0,true
331.0,495.0,339.0,564.0,250.0,3.0,42.0,true
207.0,658.0,271.0,667.0,250.0,3.0,42.0,true
96.0,345.0,101.0,453.0,250.0,3.0,42.0,true
201.0,247.0,266.0,252.0,250.0,3.0,42.0,true
390.0,98.0,466.0,104.0,250.0,3.0,42.0,true
181.0,73.0,260.0,80.0,250.0,3.0,42.0,true
1
-5.0,75.0,1097.0,709.0,true,true,false,275,2.5,250.0,3.0,42.0,3,true
7
5
5
0
0
5
0
0
