-10.0,-10.0,-10.0,-10.0,235,235,0
5
-160.0,-61.0,639.0,336.0,50.0,50.0,50.0
336.0,-57.0,1338.0,341.0,50.0,50.0,50.0
-160.0,250.0,606.0,767.0,50.0,50.0,50.0
415.0,317.0,1439.0,838.0,50.0,50.0,50.0
-155.0,-61.0,112.0,90.0,50.0,50.0,50.0
0,579.0,351.0
6
1076.0,20.0,false,false,false,50,0.5,100,0,0.0,false
1078.0,673.0,false,false,false,50,0.5,100,0,0.0,false
22.0,677.0,false,false,false,50,0.5,100,0,0.0,false
25.0,24.0,false,false,false,50,0.5,100,0,0.0,false
666.0,212.0,false,false,false,50,0.5,100,1,0.0,false
472.0,501.0,false,false,false,50,0.5,100,3,0.0,false
30
621.0,197.0,644.0,326.0,253.0,85.0,3.0,false
508.0,376.0,532.0,516.0,253.0,85.0,3.0,false
126.0,53.0,232.0,77.0,253.0,85.0,3.0,false
86.0,74.0,270.0,103.0,253.0,85.0,3.0,false
54.0,102.0,302.0,143.0,253.0,85.0,3.0,false
41.0,123.0,69.0,255.0,253.0,85.0,3.0,false
63.0,246.0,302.0,282.0,253.0,85.0,3.0,false
85.0,277.0,270.0,308.0,253.0,85.0,3.0,false
120.0,300.0,243.0,326.0,253.0,85.0,3.0,false
272.0,102.0,302.0,276.0,253.0,85.0,3.0,false
66.0,136.0,277.0,263.0,253.0,85.0,3.0,false
294.0,129.0,317.0,259.0,253.0,85.0,3.0,false
838.0,615.0,981.0,648.0,253.0,85.0,3.0,false
798.0,582.0,1014.0,616.0,253.0,85.0,3.0,false
761.0,549.0,1049.0,585.0,253.0,85.0,3.0,false
741.0,451.0,1067.0,556.0,253.0,85.0,3.0,false
760.0,420.0,1049.0,454.0,253.0,85.0,3.0,false
799.0,384.0,1016.0,423.0,253.0,85.0,3.0,false
836.0,356.0,986.0,387.0,253.0,85.0,3.0,false
165.0,310.0,195.0,393.0,253.0,85.0,3.0,false
170.0,359.0,533.0,393.0,253.0,85.0,3.0,false
888.0,303.0,914.0,371.0,253.0,85.0,3.0,false
621.0,303.0,896.0,330.0,253.0,85.0,3.0,false
519.0,378.0,533.0,516.0,253.0,85.0,3.0,false
110.0,651.0,238.0,699.0,253.0,85.0,3.0,false
144.0,620.0,208.0,655.0,253.0,85.0,3.0,false
864.0,-18.0,991.0,42.0,253.0,85.0,3.0,false
891.0,36.0,967.0,72.0,253.0,85.0,3.0,false
135.0,312.0,227.0,366.0,253.0,85.0,3.0,false
860.0,325.0,963.0,364.0,253.0,85.0,3.0,false
0
7
0
0
0
0
0
50
0
