-10.0,-10.0,-10.0,-10.0,235,235,0
21
-100.0,248.0,547.0,845.0,50.0,50.0,50.0
-190.0,-53.0,461.0,425.0,50.0,50.0,50.0
335.0,-53.0,1380.0,314.0,50.0,50.0,50.0
450.0,270.0,1291.0,819.0,50.0,50.0,50.0
-109.0,-53.0,122.0,83.0,50.0,50.0,50.0
805.0,604.0,805.0,604.0,50.0,50.0,50.0
706.0,226.0,785.0,395.0,100.0,100.0,100.0
468.0,446.0,566.0,671.0,100.0,100.0,100.0
400.0,119.0,553.0,230.0,100.0,100.0,100.0
766.0,566.0,934.0,642.0,100.0,100.0,100.0
1019.0,2.0,1193.0,816.0,100.0,100.0,100.0
773.0,68.0,832.0,131.0,100.0,100.0,100.0
1.0,1.0,1244.0,27.0,100.0,100.0,100.0
-158.0,668.0,1046.0,771.0,100.0,100.0,100.0
-49.0,-42.0,101.0,683.0,100.0,100.0,100.0
215.0,290.0,278.0,396.0,100.0,100.0,100.0
1041.0,26.0,1196.0,37.0,100.0,100.0,100.0
966.0,122.0,1055.0,214.0,100.0,100.0,100.0
967.0,413.0,1047.0,498.0,100.0,100.0,100.0
200.0,638.0,265.0,672.0,100.0,100.0,100.0
1043.0,45.0,1165.0,787.0,100.0,100.0,100.0
3000,49.0,49.0
20
1085.0,15.0,false,false,true,50,0.5,100,0,0.0,true
1086.0,681.0,false,false,true,50,0.5,100,0,0.0,true
1083.0,369.0,false,false,true,50,0.5,100,0,0.0,true
1084.0,185.0,false,false,true,50,0.5,100,0,0.0,true
1085.0,540.0,false,false,true,50,0.5,100,0,0.0,true
1085.0,648.0,false,false,true,50,0.5,100,0,0.0,true
1085.0,615.0,false,false,true,50,0.5,100,0,0.0,true
1085.0,582.0,false,false,true,50,0.5,100,0,0.0,true
1085.0,506.0,false,false,true,50,0.5,100,0,0.0,true
1084.0,473.0,false,false,true,50,0.5,100,0,0.0,true
1084.0,438.0,false,false,true,50,0.5,100,0,0.0,true
1085.0,403.0,false,false,true,50,0.5,100,0,0.0,true
1085.0,335.0,false,false,true,50,0.5,100,0,0.0,true
1084.0,300.0,false,false,true,50,0.5,100,0,0.0,true
1084.0,265.0,false,false,true,50,0.5,100,0,0.0,true
1083.0,226.0,false,false,true,50,0.5,100,0,0.0,true
1084.0,155.0,false,false,true,50,0.5,100,0,0.0,true
1085.0,123.0,false,false,true,50,0.5,100,0,0.0,true
1085.0,87.0,false,false,true,50,0.5,100,0,0.0,true
1084.0,53.0,false,false,true,50,0.5,100,0,0.0,true
2
97.0,-10.0,132.0,106.0,253.0,85.0,3.0,false
91.0,531.0,129.0,699.0,253.0,85.0,3.0,false
0
7
100
0
0
0
0
0
0
