-10.0,-10.0,-10.0,-10.0,235,235,0
5
-225.0,-31.0,757.0,518.0,50.0,50.0,50.0
458.0,390.0,1374.0,786.0,50.0,50.0,50.0
-225.0,418.0,557.0,811.0,50.0,50.0,50.0
609.0,-31.0,1222.0,491.0,50.0,50.0,50.0
-225.0,-31.0,82.0,53.0,50.0,50.0,50.0
0,578.0,360.0
15
626.0,36.0,true,true,false,100,0.5,100,0,17.0,true
442.5,117.0,true,false,false,100,0.5,100,0,38.5,true
667.5,619.0,true,false,false,100,0.5,100,0,35.5,true
513.0,595.5,true,true,false,100,0.5,100,0,18.5,true
894.0,235.0,false,false,false,100,0.5,100,0,0.0,true
890.0,485.0,false,false,false,100,0.5,100,0,0.0,true
226.0,253.0,false,false,false,100,0.5,100,0,0.0,true
21.0,22.0,false,false,false,100,0.5,100,0,0.0,true
133.0,429.0,false,false,false,100,0.5,100,0,0.0,true
176.0,676.0,false,false,false,100,0.5,100,0,0.0,true
136.0,643.0,false,false,false,100,0.5,100,0,0.0,true
95.0,606.0,false,false,false,100,0.5,100,0,0.0,true
881.0,688.0,false,false,true,100,0.5,100,4,0.0,true
63.0,570.0,false,false,false,100,0.5,100,0,0.0,true
26.0,534.0,false,false,false,100,0.5,100,0,0.0,true
30
390.0,383.0,541.0,544.0,255.0,100.0,3.0,false
607.0,383.0,763.0,544.0,255.0,100.0,3.0,false
392.0,189.0,544.0,330.0,255.0,100.0,3.0,false
607.0,185.0,763.0,327.0,255.0,100.0,3.0,false
672.0,299.0,1027.0,327.0,255.0,100.0,3.0,false
664.0,383.0,1027.0,414.0,255.0,100.0,3.0,false
299.0,318.0,411.0,330.0,255.0,100.0,3.0,false
97.0,189.0,412.0,210.0,255.0,100.0,3.0,false
-25.0,318.0,240.0,329.0,255.0,100.0,3.0,false
120.0,383.0,165.0,394.0,255.0,100.0,3.0,false
152.0,386.0,165.0,426.0,255.0,100.0,3.0,false
152.0,425.0,406.0,458.0,255.0,100.0,3.0,false
787.0,2.0,1098.0,68.0,255.0,100.0,3.0,false
170.0,108.0,288.0,195.0,255.0,100.0,3.0,false
366.0,449.0,419.0,699.0,255.0,100.0,3.0,false
1053.0,477.0,1077.0,676.0,255.0,100.0,3.0,false
910.0,656.0,1060.0,676.0,255.0,100.0,3.0,false
909.0,615.0,927.0,675.0,255.0,100.0,3.0,false
837.0,615.0,912.0,637.0,255.0,100.0,3.0,false
837.0,621.0,855.0,699.0,255.0,100.0,3.0,false
0.0,664.0,156.0,699.0,255.0,100.0,3.0,false
-33.0,624.0,114.0,668.0,255.0,100.0,3.0,false
-84.0,597.0,75.0,628.0,255.0,100.0,3.0,false
-78.0,568.0,43.0,604.0,255.0,100.0,3.0,false
-5.0,554.0,43.0,613.0,255.0,100.0,3.0,false
1061.0,55.0,1098.0,160.0,255.0,100.0,3.0,false
1026.0,56.0,1065.0,126.0,255.0,100.0,3.0,false
987.0,52.0,1029.0,95.0,255.0,100.0,3.0,false
732.0,262.0,802.0,314.0,255.0,100.0,3.0,false
750.0,397.0,806.0,455.0,255.0,100.0,3.0,false
0
7
0
0
0
30
30
0
0
